2018-04-20, Excecution time: 2.002406120300293
2018-04-20, Excecution time: 2.0022964477539062
Date: 2018-04-20, Excecution time: 2.0023410320281982
Date: 2018-04-20, Excecution time: 2.0021939277648926
Date: 2018-04-20 20:16:44.626780, Excecution time: 2.002164363861084
